-0.172117 -0.241227 0.505000 1.000000
-0.093457 -0.189007 0.500000 1.000000
-0.002655 -0.174039 0.506000 1.000000
-0.005685 -0.124534 0.492000 1.000000
-0.115161 -0.155263 0.493000 1.000000
-0.200919 -0.208144 0.499000 1.000000
-0.208892 -0.184737 0.497000 1.000000
-0.126100 -0.133844 0.492000 1.000000
-0.007501 -0.108351 0.489000 1.000000
-0.003176 -0.172773 0.488000 1.000000
-0.093712 -0.188843 0.485000 1.000000
-0.172652 -0.241224 0.492000 1.000000
-0.201617 -0.209282 0.487000 1.000000
-0.115152 -0.156618 0.480000 1.000000
-0.006757 -0.124524 0.480000 1.000000
-0.007935 -0.109532 0.478000 1.000000
-0.125185 -0.134538 0.479000 1.000000
-0.208743 -0.185172 0.485000 1.000000
-0.092593 -0.188932 0.470000 1.000000
-0.007163 -0.126454 0.467000 1.000000
-0.115125 -0.157506 0.470000 1.000000
-0.200421 -0.209078 0.474000 1.000000
-0.208352 -0.185364 0.473000 1.000000
-0.125584 -0.134702 0.467000 1.000000
-0.008270 -0.110184 0.463000 1.000000
-0.004529 -0.176873 0.440000 1.000000
-0.091952 -0.191364 0.444000 1.000000
-0.114400 -0.159275 0.442000 1.000000
-0.007877 -0.127759 0.441000 1.000000
-0.009503 -0.112226 0.439000 1.000000
-0.123319 -0.136351 0.440000 1.000000
-0.205461 -0.186036 0.446000 1.000000
-0.005396 -0.180388 0.421000 1.000000
-0.008984 -0.130698 0.415000 1.000000
-0.112647 -0.160540 0.415000 1.000000
-0.204036 -0.186762 0.421000 1.000000
-0.122365 -0.138360 0.416000 1.000000
-0.010529 -0.115236 0.414000 1.000000
-0.006524 -0.182769 0.393000 1.000000
-0.111559 -0.164575 0.391000 1.000000
-0.009944 -0.133991 0.391000 1.000000
-0.011394 -0.118396 0.390000 1.000000
-0.120931 -0.141391 0.391000 1.000000
