180.000000 -150.000000 -39.999985 0.000000
220.000000 -80.000000 -40.000000 0.000000
230.000000 0.000000 -40.000000 0.000000
285.000031 0.000000 -40.000000 0.000000
260.000031 -100.000008 -40.000023 0.000000
219.999985 -179.999985 -39.999989 0.000000
250.000000 -190.000015 -40.000011 0.000000
290.000031 -110.000000 -40.000015 0.000000
305.000031 0.000000 -40.000008 0.000000
230.000000 0.000000 -30.000008 0.000000
219.999985 -80.000000 -30.000000 0.000000
180.000015 -150.000000 -30.000000 0.000000
220.000015 -180.000000 -29.999977 0.000000
260.000031 -100.000015 -30.000008 0.000000
285.000031 0.000000 -30.000008 0.000000
305.000000 0.000000 -30.000000 0.000000
290.000031 -110.000000 -29.999992 0.000000
250.000031 -190.000031 -30.000015 0.000000
220.000000 -80.000000 -19.999985 0.000000
285.000031 0.000000 -20.000008 0.000000
260.000031 -100.000015 -20.000008 0.000000
220.000031 -180.000015 -19.999992 0.000000
250.000031 -190.000031 -20.000004 0.000000
290.000031 -110.000008 -20.000015 0.000000
305.000031 0.000000 -20.000011 0.000000
230.000000 0.000000 5.000000 0.000000
220.000000 -80.000000 0.000000 0.000000
260.000031 -100.000015 -0.000008 0.000000
285.000031 0.000000 -0.000008 0.000000
305.000031 0.000000 0.000000 0.000000
290.000031 -110.000008 -0.000008 0.000000
250.000000 -190.000015 0.000000 0.000000
230.000000 0.000000 20.000000 0.000000
285.000031 0.000000 20.000000 0.000000
260.000031 -100.000015 19.999992 0.000000
250.000031 -190.000031 20.000000 0.000000
290.000031 -110.000008 19.999989 0.000000
305.000031 0.000000 19.999992 0.000000
230.000015 0.000000 39.999977 0.000000
260.000031 -100.000015 39.999992 0.000000
285.000000 0.000000 40.000011 0.000000
305.000031 0.000000 40.000000 0.000000
290.000031 -110.000008 39.999996 0.000000
